[APP]
CURRTAB=0
SIG02_OFF=0.0000000000E+000
SIG01_OFF=0.0000000000E+000
SIG02_GAIN=1.0000000000E+000
SIG01_GAIN=1.0000000000E+000
SIG02_COL_CSV=2
SIG01_COL_CSV=1
TIME_COL_CSV=0
SIGFILE=
CURRSIG=0
CURRSCO=0
LASTTRIGGER=0
TRIGGER=0
[SCOPE]
TMRDIV=0
TMR=400
CURR=0
POINT=5600
FREQ=25000
TRIGGERTYPE=1
TRIGGERLEV=200
TRIGGERSRC=1
ACTIVE=3
[SCOPEA]
OFFSET=1000
GAIN=204
[SCOPEB]
OFFSET=1000
GAIN=309
[MARKER]
VERRIGHT=560
VERLEFT=60
HORBOT=600
HORTOP=1000
ENABLED=1
